8218 8245 39878 39878
33891 39878
34772 42133
34772 42133
8447 43612 42133 42133 42133 42133 42133 42133 42133 42133 42133
8447 43612 42133 42133 42133 42133 42133 42133 42133 42133 42133
6830 43350 63473
33891 43350 63473
6830 43350 63473
6939 20764 35598 206066
6939 20764 35598 206066
6939 20764 35598 206066
6939 28917 42149 206066
6939 31133 42861 206066
6939 20764 35598 206066
6939 20764 35598 206066
1853 206021
1853 206021
6939 11796 53259 53259 53259 53259 53259
6939 11796 53259 53259 53259 53259 53259
6939 22773 10819
6939 4766 9381 9381 18548
6939 19662 19662 19662 19662 19662 19662 19662
6939 19662 19662 19662 19662 19662 19662 19662
6939 19662 19662 19662 19662 19662 19662 19662
6939 36493
6939 36493
6830 50607 50607 61056 61056 61056
6830 50607 50607 201068
6830 50607 50607 201068
6830 50607 50607 199319
6830 50607 50607 199319
6830 50607 50607 201953
9002 50606
9002 50606 200642
6830 50607 50607 201122 201122
6830 50607 50607 201122 201122
9002 50606
9002 50606 50606 50606 50606 47252 47252 47252
9002 50606 205879
9002 58321 198414
6830 50607 50607 43495 43495 43495 43495 43495 43495 43495
6830 50607 50607 43495 43495 43495 43495 43495 43495 43495
6830 50607 50607 200577 200577 200577
6830 50607 50607 200577 200577 200577
6830 50607 50607 47252
6939 36493
6939 13794 13794
6939 2711 33749 33749 33749 33749 33749 33749 33749 33749 33749 33749
1853 206021
1257 8437 206021
1764 1853 206021
1764 1853 206021
1853 206021
8928 12715 199435
8928 51055 206049
6939 31133 12695 50113 59504
9002 50113 50113 59504
3223 197071 200615
3223 197071 200615
8928 766 766 766 766 766 198096 34285
8218 57809
8218 57809
8218 57809
8218 57809
50629 206313 206313
9002 206313 206313
50629 206313 206313
50629 206313 206313
33891 31103 206313
286 20495 9178 44337
6830 50607 50607 201953
6830 43350 44337
6830 43350 44337
33891 43350 44337
6830 43350 44337 44337 42639
6830 43350 44337 44337 42639
33891 43350 44337 44337 42639
286 20495 9178 44337 42639
6830 43350 44337 44337 42639
6830 43350 44337 44337 42639
33891 43350 44337 44337 42639
286 20495 9178 44337 42639
6830 43350 44337 44337 42639
6830 43350 44337 44337 42639
33891 43350 44337 44337 42639
21385 8823 44974
21385 8823 44974
13237 8823 8823 44974
21385 8823 44974
3209 44974
33891 28876 44974
6939 24785 43366 43366 43366 60880
286 24785 43366 43366 43366 60880
6830 43350 43366 43366 43366 60880
6939 38861 55430
6939 38861 55430
6939 38861 55430
6939 38861 55430
6939 38861 55430
6939 38861 55430
6939 38861 55430
6939 38861 55430
6939 38861 55430
6939 38861 55430
6939 38861 55430
6939 38861 55430 55430
6939 38861 55430
6939 38861 55430
6939 38861 55430